---
epsilon_list: [0.1, 0.2 ,0.3, 0.4, 0.5, 0.6, 0.7, 0.8, 0.9, 1]
mse_pureDUMP1: [5.398897478877601e-06, 1.3578956024665268e-06, 6.020845092808253e-07, 3.3981592321663065e-07, 2.1723244773861384e-07, 1.514002296836791e-07, 1.1143869008244183e-07, 8.508314809957656e-08, 6.752689981754589e-08, 5.4324309104537994e-08]
mse_mixDUMP1: [9.583850542527752e-06, 2.39060569935633e-06, 1.0666728331601141e-06, 5.995177744791552e-07, 3.8519097444507787e-07, 2.710943630601337e-07, 1.9837794096560602e-07, 1.536677370595099e-07, 1.228655049256163e-07, 1.0095741151535696e-07]
#mse_mixDUMP1: [0.000283768735936012, 7.123953798933204e-05, 3.139589571826105e-05, 1.7775730457043703e-05, 1.1407572834635853e-05, 7.936380795147012e-06, 5.910059458243464e-06, 4.535159339753976e-06, 3.6072482701583345e-06, 2.932292803567971e-06]
mse_private_shuffle1: [3.191946275072447e-06, 1.8398633157230097e-06, 1.108358014591075e-06, 7.350101746785109e-07, 5.15388876296819e-07, 3.8170971184002084e-07, 2.958745647608786e-07, 2.3528547878614493e-07, 1.9096062644002872e-07]
#mse_private_coin1: [0.0018, 0.0009, 0.0006, 0.0005, 0.0004, 0.0004, 0.0003, 0.0003, 0.0003, 0.0003]
mse_private_coin1: [0.4875e-03, 0.1180e-03, 0.0514e-03, 0.0285e-03, 0.0181e-03, 0.0124e-03, 0.0091e-03, 0.0069e-03, 0.0054e-03, 0.0044e-03]
#mse_shuffle_based1: [1.154681582952292, 0.26005870735910214, 0.10430867137291217, 0.05338769405104678, 0.030648501172416777, 0.019176637077737955, 0.012674295735470263, 0.008813253617586008, 0.006244396705661569, 0.00455373933814149]
mse_SOLH: [1.216707228230759e-05, 4.627023480165524e-06, 2.505707308774145e-06, 1.5184415730853607e-06, 1.047613004105319e-06, 7.716254796424723e-07, 5.896856834769465e-07, 4.512519421394895e-07, 3.8134750978869215e-07]
mse_laplace: [0.4060e-07, 0.1015e-07, 0.0451e-07, 0.0254e-07, 0.0162e-07, 0.0113e-07, 0.0083e-07, 0.0063e-07, 0.0050e-07, 0.0041e-07]