---
epsilon_list: [0.1, 0.2, 0.3, 0.4, 0.5, 0.6, 0.7, 0.8, 0.9, 1]
mse_pureDUMP1: [2.729385687676923e-08, 6.819974082752255e-09, 3.0348276226053614e-09, 1.7060228185208032e-09, 1.0923752254116942e-09, 7.576157082814048e-10, 5.56945599024764e-10, 4.265812229881469e-10, 3.370405033660853e-10, 2.729496616904486e-10]
mse_mixDUMP1: [6.238921907352043e-06, 1.5594938193638671e-06, 6.929653569831758e-07, 3.897531703218648e-07, 2.4959561090546527e-07, 1.7340641703837116e-07, 1.2757484481253525e-07, 9.771253209369871e-08, 7.72191618941026e-08, 6.263589567216922e-08]
mse_private_shuffle1: [8.817586502939025e-08, 2.380531931524209e-08, 1.072300375731474e-08, 6.056954243968271e-09, 3.886026089522946e-09, 2.7015357419730927e-09, 1.9862756359359453e-09, 1.5211674239771095e-09, 1.2022380490967144e-09, 9.741386378166996e-10]
#mse_private_coin1: [0.1606e-03, 0.0844e-03, 0.0594e-03, 0.0469e-03, 0.0395e-03, 0.0346e-03, 0.0311e-03, 0.0285e-03, 0.0265e-03, 0.0249e-03]
mse_private_coin1: [0.5518e-05, 0.1335e-05, 0.0582e-05, 0.0323e-05, 0.0204e-05, 0.0141e-05, 0.0103e-05, 0.0078e-05, 0.0061e-05, 0.0049e-05]
#mse_shuffle_based1: [ 3.7678300690886974, 0.8501393984208632, 0.34065751201699446, 0.1723456576526426, 0.09907954164999802, 0.061679090510860075, 0.04051950131116385, 0.027757905300692807, 0.019542017399952014, 0.014140197775803243]
mse_laplace: [0.2041e-09, 0.0510e-09, 0.0227e-09, 0.0128e-09, 0.0082e-09, 0.0057e-09, 0.0042e-09, 0.0032e-09, 0.0025e-09, 0.0020e-09]
mse_public_coin1: [2.1522627790209223e-09, 2.523497371764706e-09, 2.5271519927977315e-09, 2.4477188799479214e-09, 2.3201506971011173e-09]