---
epsilon_list: [0.1, 0.2, 0.3, 0.4, 0.5, 0.6, 0.7, 0.8, 0.9, 1]
mse_pureDUMP: [2.070294775672663e-08, 5.176020951659595e-09, 2.3033475325167597e-09, 1.2940659857500707e-09, 8.275166972743241e-10, 5.748073564668202e-10, 4.223171504344501e-10, 3.2382319686463745e-10, 2.558515424171446e-10, 2.07062512749571e-10]
mse_mixDUMP: [4.78445809237692e-06, 1.197517280429412e-06, 5.325638309487869e-07, 2.9955988079757724e-07, 1.9185795225914264e-07, 1.3326691631901035e-07, 9.797671871134364e-08, 7.507181610350776e-08, 5.9424019673061306e-08, 4.823854991665191e-08]
mse_private_shuffle: [6.864817079929266e-08, 1.8173303511484618e-08, 8.161500869769613e-09, 4.602516815408663e-09, 2.9539776894447046e-09, 2.0501013562181456e-09, 1.5082650411472844e-09, 1.1545775891298868e-09, 9.132934208353694e-10, 7.390157416424492e-10]
#mse_private_coin: [0.1429e-03, 0.0754e-03, 0.0533e-03, 0.0423e-03, 0.0358e-03, 0.0315e-03, 0.0284e-03, 0.0262e-03, 0.0244e-03, 0.0230e-03]
mse_private_coin: [0.4348e-05, 0.1043e-05, 0.0452e-05, 0.0250e-05, 0.0158e-05, 0.0108e-05, 0.0079e-05, 0.0060e-05, 0.0047e-05, 0.0038e-05]
#mse_shuffle_based: [3.770590981524363, 0.8505935193255479, 0.3404779853634136, 0.17238665440870482, 0.09903337465265144, 0.061704308698495344, 0.040561553332123676, 0.027731973961187067, 0.0195647233580527, 0.014119216950376467]
mse_laplace: [0.2041e-09, 0.0510e-09, 0.0227e-09, 0.0128e-09, 0.0082e-09, 0.0057e-09, 0.0042e-09, 0.0032e-09, 0.0025e-09, 0.0020e-09]
mse_public_coin: [1.7128356594113226e-09, 2.4836388654045593e-09, 2.541321459415162e-09, 2.453171374928491e-09, 2.314677863372227e-09, 2.166810643968855e-09]