---
epsilon_list: [0.1, 0.2, 0.3, 0.4, 0.5, 0.6, 0.7, 0.8, 0.9, 1]
mse_pureDUMP: [8.30571049217774e-08, 2.0777747666568605e-08, 9.265641352835402e-09, 5.214758075365743e-09, 3.3377606089522454e-09, 2.3219097695423316e-09, 1.7009920012756702e-09, 1.2953126239303466e-09, 1.03267492785185e-09, 8.31054563497971e-10]
mse_mixDUMP: [2.4529454649584946e-07, 6.266826845174837e-08, 2.8940050520915948e-08, 1.6958289485224605e-08, 1.1543406551530508e-08, 8.562065323170615e-09, 6.760538582820328e-09, 5.606845820277841e-09, 4.827443574827486e-09, 4.229858942838846e-09]
mse_private_shuffle: [2.5259129414441954e-07, 7.1275503637805e-08, 3.233219304247916e-08, 1.8315156468317888e-08, 1.1742508789726255e-08, 8.169047068799717e-09, 6.0079518306625665e-09, 4.596357943215349e-09, 3.63237130646422e-09, 2.9454314363741154e-09]
mse_private_coin: [3.31996923e-07, 8.31707327e-08, 3.70918085e-08, 2.09641850e-08, 1.34993993e-08, 9.44445399e-09, 6.99944985e-09, 5.41254813e-09, 4.32457353e-09, 3.54635170e-09]
#mse_private_coin: [0.1409e-04, 0.0338e-04, 0.0147e-04, 0.0081e-04, 0.0051e-04, 0.0035e-04, 0.0026e-04, 0.0019e-04, 0.0015e-04, 0.0012e-04]
mse_public_coin: [3.2599326706187215e-08, 2.306044658947775e-07, 2.5269492302427214e-07, 2.44187132587531e-07, 2.2870597147903396e-07, 2.0968719135482477e-07]
mse_SOLH: [6.283176424125694e-07, 1.4342691930309772e-07, 6.375917041283702e-08, 3.540762971405718e-08, 2.289766882882928e-08, 1.637401462094883e-08, 1.2434085539732454e-08, 9.204643241140947e-09, 7.447269474169287e-09, 6.10618163494176e-09]
mse_correlated_noise: [1.30941523e-08, 3.27353807e-09, 1.45490581e-09, 8.18384517e-10, 5.23766091e-10, 3.63726452e-10, 2.67227598e-10, 2.04596129e-10, 1.61656201e-10, 1.30941523e-10]