---
epsilon_list: [0.1, 0.2, 0.3, 0.4, 0.5, 0.6, 0.7, 0.8, 0.9, 1]
mse_pureDUMP1: [1.0940010787438903e-07, 2.7391946195206896e-08, 1.2148625022158947e-08, 6.860140671706888e-09, 4.404680562552966e-09, 3.033836057770618e-09, 2.2366391851440384e-09, 1.7054323168917716e-09, 1.3503017093754755e-09, 1.095905808910751e-09]
mse_mixDUMP1: [3.193020967394505e-07, 8.115786338847063e-08, 3.703468053988641e-08, 2.1626037598532366e-08, 1.4501086879337792e-08, 1.0592282785598048e-08, 8.268059818700367e-09, 6.782492915797763e-09, 5.731051356106775e-09, 5.018963987310667e-09]
mse_private_shuffle1: [3.1580274722666757e-07, 9.305403011686566e-08, 4.249495203288623e-08, 2.4140624864577445e-08, 1.5512023384166077e-08, 1.0801750104127414e-08, 7.935367354095126e-09, 6.084689835010242e-09, 4.814146272276811e-09, 3.909366008800913e-09]
mse_private_coin1: [4.37302962e-07, 1.09497242e-07, 4.87924794e-08, 2.75458124e-08, 1.77116409e-08, 1.23696217e-08, 9.14855268e-09, 7.05795498e-09, 5.62464808e-09, 4.59941208e-09]
#mse_private_coin1: [0.1788e-04, 0.0433e-04, 0.0189e-04, 0.0105e-04, 0.0066e-04, 0.0046e-04, 0.0033e-04, 0.0025e-04, 0.0020e-04, 0.0016e-04]
mse_public_coin1: [1.493129758165979e-07, 2.3857149855735655e-07, 2.5157322782264976e-07, 2.4593628561172424e-07, 2.327184091347224e-07]
mse_SOLH1: [8.79362055924804e-07, 1.8585464042752411e-07, 8.317704513287973e-08, 4.655812244031874e-08, 3.1213595939631903e-08, 2.1679139844011392e-08, 1.581967475025132e-08, 1.1904471060737415e-08, 9.6012600318191e-09, 8.001888300800379e-09]
mse_correlated_noise1: [1.30941523e-08, 3.27353807e-09, 1.45490581e-09, 8.18384517e-10, 5.23766091e-10, 3.63726452e-10, 2.67227598e-10, 2.04596129e-10, 1.61656201e-10, 1.30941523e-10]