---
s_list: [100, 200, 300, 400, 500, 600, 700, 800, 900, 1000]
mse_eps1: [1.920928284881052e-06, 3.2858824535181452e-06, 4.830843679595758e-06, 6.40508556374883e-06, 7.952413370003105e-06, 9.500100623771143e-06, 1.1098140896260185e-05, 1.269793066265159e-05, 1.4262853482897708e-05, 1.5875948341507878e-05]
mse_eps2: [1.6780773229373288e-06, 3.182418071554892e-06, 4.7633385449414626e-06, 6.3538424220774146e-06, 7.912120199636123e-06, 9.466785050899255e-06, 1.106969962781838e-05, 1.2672959752780242e-05, 1.4240672041362822e-05, 1.585591530068785e-05]
mse_eps3: [1.6201060963895384e-06, 3.1549812692979087e-06, 4.745021049020328e-06, 6.340121088344324e-06, 7.90129138608271e-06, 9.457610831213331e-06, 1.106191586922428e-05, 1.2666184835092888e-05, 1.4234601052231498e-05, 1.585043353966428e-05]