---
s_list: [100, 200, 300, 400, 500, 600, 700, 800, 900, 1000]
mse_eps1: [2.2313055025659213e-06, 3.43223965252819e-06, 4.9081183933646195e-06, 6.493098620016818e-06, 8.004602913212385e-06, 9.544243626317271e-06, 1.114373025731483e-05, 1.271796968247637e-05, 1.4296322754154642e-05, 1.5848242292370007e-05]
mse_eps2: [1.7547400930881911e-06, 3.248493226806649e-06, 4.79137050075604e-06, 6.4062196566322185e-06, 7.936047194109374e-06, 9.487887478162473e-06, 1.1095111443653149e-05, 1.2675505876014348e-05,  1.4258939455853412e-05, 1.581461102104147e-05]
mse_eps3: [1.650753449809169e-06, 3.200740515356625e-06, 4.760496454236782e-06, 6.3825740938767795e-06, 7.917374913610601e-06, 9.472212807718064e-06, 1.1082144468249085e-05, 1.2664087952192764e-05, 1.4248642590494277e-05, 1.5805371842509917e-05]