---
s_list: [100, 200, 300, 400, 500, 600, 700, 800, 900, 1000]
mse_eps1: [3.046974445302259e-09, 5.158039908526169e-09, 7.518914291507555e-09, 9.923200352046317e-09, 1.2341473214692886e-08, 1.4779169319494927e-08, 1.7211719887610397e-08, 1.9646933960465024e-08, 2.211293089833872e-08, 2.4543143244225674e-08]
mse_eps2: [2.615704725235439e-09, 4.975452375529587e-09, 7.40079480416362e-09, 9.835577190173608e-09, 1.2271812388963055e-08, 1.4721287187457934e-08, 1.716206596537339e-08, 1.960365291163431e-08, 2.2074345334104037e-08, 2.4508517285486155e-08]
mse_eps3: [2.513695271287218e-09, 4.927237598688573e-09, 7.368920422752833e-09, 9.811795260102693e-09, 1.2252808023102813e-08, 1.4705513838973761e-08, 1.7148554906009264e-08, 1.9591790166697967e-08, 2.206384886994838e-08, 2.4499060891538695e-08]