---
s_list: [100, 200, 300, 400, 500, 600, 700, 800, 900, 1000]
mse_eps1: [2.7780515871124822e-09, 5.051690919756808e-09, 7.447722482112184e-09, 9.879317835380393e-09, 1.2317780945051245e-08, 1.4760279258734556e-08, 1.7215433042069243e-08, 1.964718811759707e-08, 2.208203006911161e-08, 2.4547441055412955e-08]
mse_eps2: [2.7780515871124822e-09, 5.051690919756808e-09, 7.447722482112184e-09, 9.879317835380393e-09, 1.2317780945051245e-08, 1.4760279258734556e-08, 1.7215433042069243e-08, 1.964718811759707e-08, 2.208203006911161e-08, 2.4547441055412955e-08]
mse_eps3: [2.4873866857460636e-09, 4.918171740918968e-09, 7.3600868697236574e-09, 9.813985889389074e-09, 1.226562079195086e-08, 1.4716932977415892e-08, 1.7178289339377266e-08, 1.9614753498254103e-08, 2.205318644661711e-08, 2.4521469340553377e-08]