---
epsilon_list: [0.1, 0.2 ,0.3, 0.4, 0.5, 0.6, 0.7, 0.8, 0.9, 1]
mse_pureDUMP: [8.112303129599999e-08, 2.0297233935999995e-08, 9.058219216e-09, 5.109519280000002e-09, 3.252304383999999e-09, 2.2611957439999953e-09, 1.6558856959999998e-09, 1.2743439999999973e-09, 1.0008368800000002e-09, 8.10558976e-10]
mse_pureDUMP1: [1.0817771246399994e-07, 2.6576727664000006e-08, 1.2003785616e-08, 6.664658384000001e-09, 4.283886063999999e-09, 2.982202224000001e-09, 2.1904231039999954e-09, 1.6767468639999999e-09, 1.329017296e-09, 1.0741826559999996e-09]
mse_mixDUMP: [1.1745165134972679e-07, 2.9842648316810107e-08, 1.3530827531103258e-08, 7.982152184074525e-09, 5.311099339950139e-09, 3.886739485590783e-09, 3.052957561894924e-09, 2.4973083584301784e-09, 2.132816858685193e-09, 1.8476208787615033e-09]
mse_mixDUMP1: [1.5218568205588792e-07, 3.8515906503929515e-08, 1.7494807067174643e-08, 1.0142213263922459e-08, 6.740568289173385e-09, 4.87257500133394e-09, 3.790127088654037e-09, 3.0742377605551783e-09, 2.5763602093120933e-09, 2.1876243001112075e-09]
mse_private_shuffle: [2.4894524447117687e-07, 7.025674592736115e-08, 3.196444266415415e-08, 1.810444332130858e-08, 1.1662875043122674e-08, 8.115086908441758e-09, 5.982705480175224e-09, 4.574144288751246e-09, 3.6232904651136436e-09, 2.9399749748065428e-09]
mse_private_shuffle1: [3.092420350359766e-07, 9.143171401810311e-08, 4.171543516909697e-08, 2.3618191773246542e-08, 1.517074620269293e-08, 1.0494274190278284e-08, 7.708963827480324e-09, 5.97414840957884e-09, 4.710909561085188e-09, 3.850694215736418e-09]
# mse_private_coin: [0.2126e-03, 0.1103e-03, 0.0768e-03, 0.0603e-03, 0.0504e-03, 0.0439e-03, 0.0392e-03, 0.0358e-03, 0.0331e-03, 0.0310e-03]
# mse_private_coin1: [0.2394e-03, 0.1240e-03, 0.0861e-03, 0.0672e-03, 0.0560e-03, 0.0486e-03, 0.0433e-03, 0.0393e-03, 0.0363e-03, 0.0338e-03]
mse_private_coin: [0.1382e-04, 0.0332e-04, 0.0144e-04, 0.0079e-04, 0.0050e-04, 0.0034e-04, 0.0025e-04, 0.0019e-04, 0.0015e-04, 0.0012e-04]
mse_private_coin1: [ 0.1754e-04, 0.0425e-04, 0.0185e-04, 0.0103e-04, 0.0065e-04, 0.0045e-04, 0.0033e-04, 0.0025e-04, 0.0019e-04, 0.0016e-04]
mse_public_coin: [3.769733822400001e-07, 1.0786133256000001e-06, 1.0606120044799996e-06, 9.195320135999996e-07, 7.784047195200004e-07, 6.528830465600002e-07, 5.518708054399999e-07]
mse_public_coin1: [8.441865784000001e-07, 1.0954831937600002e-06, 1.0332203500800002e-06, 9.087061086399999e-07, 7.803592327999999e-07, 6.717069123200001e-07]
mse_shuffle_based: [0.09040333633412045, 0.020364904282326794, 0.008171477843185393, 0.004109042669287806, 1.0805182159139719e-07, 1.7036986143386678e-08, 7.702703196798397e-09, 4.553277257252145e-09, 3.114259971321694e-09, 2.293784612506647e-09]
mse_shuffle_based1: [0.09041589694013202, 0.020293941539388734, 0.00814725203365393, 0.0041736359207386305, 0.002383547891458928, 5.687364721318794e-08, 1.548287596136904e-08, 7.847640964106666e-09, 4.951484289295964e-09, 3.4382743477645007e-09]
mse_SOLH: [6.363949327013979e-07, 1.462030540801147e-07, 6.348832532481721e-08, 3.532629824482521e-08, 2.30827470524587e-08, 1.7764448412486023e-08, 1.37377099425841e-08, 1.0150074203338837e-08, 8.837294833044078e-09, 7.58734242740609e-09]
mse_SOLH1: [8.988131721351724e-07, 1.9617032103082243e-07, 8.477310949451021e-08, 4.729342960317282e-08, 2.8913485090257248e-08, 2.1945397138583216e-08, 1.5991837803571226e-08, 1.364547617412031e-08, 1.1356124244756654e-08, 8.974550254493145e-09]
mse_laplace: [0.8000e-09, 0.2000e-09, 0.0889e-09, 0.0500e-09, 0.0320e-09, 0.0222e-09, 0.0163e-09, 0.0125e-09, 0.0099e-09, 0.0080e-09]