---
epsilon_list: [0.1, 0.2 ,0.3, 0.4, 0.5, 0.6, 0.7, 0.8, 0.9, 1]
mse_pureDUMP: [8.146643527423999e-08, 2.0343951790559994e-08, 9.053075556960004e-09, 5.071158172640001e-09, 3.2475743558399997e-09, 2.25838007344e-09, 1.6568959217600004e-09, 1.2724746246400003e-09, 1.0021448326400003e-09, 8.142898297600004e-10]
mse_mixDUMP: [0.00010452269071101231, 2.6385507341461142e-05, 1.2016408590557101e-05, 6.968969697308982e-06, 4.635935544587352e-06, 3.3645098313574876e-06, 2.5985054740226297e-06, 2.1018491034833562e-06, 1.7617576382382656e-06, 1.5207494428995144e-06]
# mse_mixDUMP: [1.277536769996961e-07, 3.219522518341738e-08, 1.4390506737988003e-08, 8.204043633239433e-09, 5.319937495615473e-09, 3.737924407623598e-09, 2.8026764016253203e-09, 2.1999868665849094e-09, 1.7761659521818823e-09, 1.4787574316249662e-09]
mse_private_shuffle: [2.4740829024956254e-07, 6.971500327893684e-08, 3.161208356031051e-08, 1.791661381514963e-08, 1.1510624969108266e-08, 8.000746794387454e-09, 5.886765446361582e-09, 4.50801153652582e-09, 3.562295434345249e-09, 2.8866853767698173e-09]
mse_private_coin: [0.2514e-03, 0.1317e-03, 0.0924e-03, 0.0730e-03, 0.0615e-03, 0.0539e-03, 0.0484e-03, 0.0444e-03, 0.0412e-03, 0.0387e-03]
mse_shuffle_based: [0.9036401678226311, 0.20452405570872353, 0.08144792625359232, 0.04115999185474378, 0.023733823301075478, 0.014801702783112993, 0.009735240010418082, 0.006651907414539737, 0.004694507327587694, 0.0033758645815994146]
mse_laplace: [0.8000e-09, 0.2000e-09, 0.0889e-09, 0.0500e-09, 0.0320e-09, 0.0222e-09, 0.0163e-09, 0.0125e-09, 0.0099e-09, 0.0080e-09]