---
epsilon_list: [0.1, 0.2 ,0.3, 0.4, 0.5, 0.6, 0.7, 0.8, 0.9, 1]
mse_pureDUMP: [7.8590192e-08, 1.9277491200000012e-08, 8.7745232e-09, 4.869217600000001e-09, 3.1361263999999997e-09, 2.1097791999999995e-09, 1.6383088e-09, 1.2590144e-09, 1.0015024e-09, 8.125984000000003e-10]
mse_pureDUMP1: [1.0373937919999999e-07, 2.589082559999999e-08, 1.1721084799999995e-08, 6.609492800000004e-09, 4.3601552e-09, 2.9940528e-09, 2.1314e-09, 1.6296831999999997e-09, 1.2921823999999995e-09, 1.0481663999999994e-09]
mse_mixDUMP: [8.705700412742566e-08, 2.163606736298746e-08, 1.0110687970155241e-08, 6.227596254940321e-09, 4.1626187805814155e-09, 3.123914322423197e-09, 2.4518698149579195e-09, 2.054871365510423e-09, 1.7290867195799324e-09, 1.507869545531623e-09]
mse_mixDUMP1: [1.0935797672897859e-07, 2.8634459578280736e-08, 1.3109509086819764e-08, 7.493219752673753e-09, 5.1085809053595315e-09, 3.813347108141004e-09, 2.9142701411151047e-09, 2.428162242054307e-09, 2.0873925403596886e-09, 1.7579277299585518e-09]
mse_private_shuffle: [2.447176554393552e-07, 6.967951276296329e-08, 3.177040857070333e-08, 1.7969471362127243e-08, 1.1515508856962151e-08, 7.912404830282407e-09, 5.84064793263184e-09, 4.445891588728504e-09, 3.5306875638182647e-09, 2.8837096028408518e-09]
mse_private_shuffle1: [3.1548041699488524e-07, 9.316650661949883e-08, 4.244994432576049e-08, 2.3954258344067328e-08, 1.5315730255822515e-08, 1.069730308747189e-08, 7.874743075063694e-09, 6.0433208896181286e-09, 4.7921802317389345e-09, 3.86745880175699e-09]
# mse_private_coin: [0.1666e-03, 0.0855e-03, 0.0589e-03, 0.0458e-03, 0.0380e-03, 0.0328e-03, 0.0291e-03, 0.0264e-03, 0.0242e-03, 0.0225e-03]
# mse_private_coin1: [0.1879e-03, 0.0963e-03, 0.0662e-03, 0.0513e-03, 0.0424e-03, 0.0365e-03, 0.0323e-03, 0.0292e-03, 0.0267e-03, 0.0248e-03]
mse_private_coin: [0.1382e-04, 0.0332e-04, 0.0144e-04, 0.0079e-04, 0.0050e-04, 0.0034e-04, 0.0025e-04, 0.0019e-04, 0.0015e-04, 0.0012e-04 ]
mse_private_coin1: [0.1754e-04, 0.0425e-04, 0.0185e-04, 0.0103e-04, 0.0065e-04, 0.0045e-04, 0.0033e-04, 0.0025e-04, 0.0019e-04, 0.0016e-04]
mse_public_coin: [5.518020271999998e-07, 8.950083448000001e-07, 7.445975616e-07, 5.682000416000001e-07, 4.4717927119999985e-07, 3.601332815999999e-07, 2.942698271999998e-07, 2.426639808000001e-07]
mse_public_coin1: [8.712967744e-07, 8.501614752e-07, 6.915326991999999e-07, 5.406255375999999e-07, 4.403097504e-07, 3.590816048e-07, 3.070697904e-07]
mse_shuffle_based: [0.00884422849768078, 1.2223371674221954e-07, 2.6441429491652088e-08, 1.2121505646214983e-08, 7.217042817194519e-09, 4.890539420597913e-09, 3.4625646393017265e-09, 2.6291069808930478e-09, 2.1130958147197675e-09, 1.6803777130702641e-09]
mse_shuffle_based1: [0.008637950947226457, 3.18258150601579e-07, 4.034425064967781e-08, 1.71951940933315e-08, 9.899105054325348e-09, 6.337688889868076e-09, 4.6578577383861455e-09, 3.460692907252453e-09, 2.6789765296651782e-09, 2.1285706394841517e-09]
mse_SOLH: [6.546593484246423e-07, 1.354887709467081e-07, 7.613072627474388e-08, 5.2966270249188615e-08, 4.348079418558348e-08, 3.568742214628658e-08, 3.15854744288571e-08, 2.9179334237700315e-08, 2.7737579277498275e-08, 2.6711626283435403e-08]
mse_SOLH1: [7.39116123618616e-07, 2.0171137417862758e-07, 9.606982591576542e-08, 6.52208488034853e-08, 4.843588448691815e-08, 3.941317910317443e-08, 3.240926130686307e-08, 3.117564242224742e-08, 2.7994060204239322e-08, 2.8191107263303383e-08]
mse_laplace: [0.8000e-09, 0.2000e-09, 0.0889e-09, 0.0500e-09, 0.0320e-09, 0.0222e-09, 0.0163e-09, 0.0125e-09, 0.0099e-09, 0.0080e-09]