---
epsilon_list: [0.1, 0.2 ,0.3, 0.4, 0.5, 0.6, 0.7, 0.8, 0.9, 1]
n_5000: [0.0008416819020921343, 0.00021428932779453546, 9.510662024772977e-05, 5.2316598846592335e-05, 3.477224576220442e-05, 2.388654596050926e-05, 1.785528833682328e-05, 1.3788058854612011e-05, 1.0917477019521123e-05, 8.829259112047122e-06]
n_50000: [8.778745413199918e-06, 2.2164358204123322e-06, 9.988216228755728e-07, 5.534291530597169e-07, 3.5310800480355885e-07, 2.423715296940459e-07, 1.7518568782007898e-07, 1.4058087713322524e-07, 1.1198428909069277e-07, 9.121460946298119e-08]
n_500000: [8.491165403172409e-08, 2.235734728429773e-08, 1.0163220433066021e-08, 6.228999812965272e-09, 4.0366080414047795e-09, 3.071070813462965e-09, 2.4305978009348857e-09, 2.0296146432814916e-09, 1.7911637695117119e-09, 1.5733708533145441e-09]
nt_5000: [0.8625e-03, 0.2157e-03, 0.0959e-03, 0.0539e-03, 0.0345e-03, 0.0240e-03, 0.0176e-03, 0.0135e-03, 0.0107e-03, 0.0087e-03]
nt_50000: [0.8626e-05, 0.2158e-05, 0.0960e-05, 0.0540e-05, 0.0346e-05, 0.0241e-05, 0.0177e-05, 0.0136e-05, 0.0108e-05, 0.0088e-05]
nt_500000: [0.8630e-07, 0.2162e-07, 0.0964e-07, 0.0544e-07, 0.0350e-07, 0.0245e-07, 0.0181e-07, 0.0140e-07, 0.0112e-07, 0.0092e-07]