---
epsilon_list: [0.1, 0.2 ,0.3, 0.4, 0.5, 0.6, 0.7, 0.8, 0.9, 1]
k_50: [8.705700412742566e-08, 2.163606736298746e-08, 1.0110687970155241e-08, 6.227596254940321e-09, 4.1626187805814155e-09, 3.123914322423197e-09, 2.4518698149579195e-09, 2.054871365510423e-09, 1.7290867195799324e-09, 1.507869545531623e-09]
k_500: [1.1581272578818343e-07, 2.9460474608839665e-08, 1.361520415201478e-08, 7.898486066381138e-09, 5.328195955914397e-09, 3.887999932037622e-09, 3.052026790939083e-09, 2.485814945370039e-09, 2.132228723245793e-09, 1.8731584863675764e-09]
k_5000: [6.122686718143867e-07, 1.537230384561866e-07, 6.83547101180786e-08, 3.884128234099132e-08, 2.519439794621461e-08, 1.7682878978713577e-08, 1.3160870733256659e-08, 1.0232188196930625e-08, 8.239247847512978e-09, 6.789317257605007e-09]
kt_50: [0.8630e-07, 0.2162e-07, 0.0964e-07, 0.0544e-07, 0.0350e-07, 0.0245e-07, 0.0181e-07, 0.0140e-07, 0.0112e-07, 0.0092e-07]
kt_500: [0.1159e-06, 0.0290e-06, 0.0129e-06, 0.0073e-06, 0.0047e-06, 0.0032e-06, 0.0024e-06, 0.0018e-06, 0.0014e-06, 0.0012e-06]
kt_5000: [0.6104e-06, 0.1526e-06, 0.0678e-06, 0.0382e-06, 0.0244e-06, 0.0170e-06, 0.0125e-06, 0.0096e-06, 0.0076e-06, 0.0061e-06]