---
epsilon_list: [0.1, 0.2 ,0.3, 0.4, 0.5, 0.6, 0.7, 0.8, 0.9, 1]
n_5000: [0.0008073804319999997, 0.00020405624000000006, 8.677113600000005e-05, 4.9981152000000004e-05, 3.2273551999999984e-05, 2.2468448000000008e-05, 1.6192847999999996e-05, 1.2456719999999995e-05, 9.984032e-06, 7.949327999999999e-06]
n_50000: [7.929998239999999e-06, 1.940715519999999e-06, 8.874758399999997e-07, 5.018476800000001e-07, 3.1944943999999995e-07, 2.1716303999999993e-07, 1.5704528e-07, 1.218071999999998e-07, 9.271759999999999e-08, 7.836143999999985e-08]
n_500000: [7.910058240000001e-08, 1.9866295999999996e-08, 8.9146192e-09, 5.007675199999998e-09, 3.0930336000000008e-09, 2.224115200000001e-09, 1.640452799999999e-09, 1.2222095999999995e-09, 9.827344e-10, 7.942448000000001e-10]
nt_5000: [0.7962e-03, 0.1991e-03, 0.0885e-03, 0.0498e-03, 0.0319e-03, 0.0221e-03, 0.0163e-03, 0.0124e-03, 0.0098e-03, 0.0080e-03]
nt_50000: [0.7962e-05, 0.1991e-05, 0.0885e-05, 0.0498e-05, 0.0319e-05, 0.0221e-05, 0.0163e-05, 0.0124e-05, 0.0098e-05, 0.0080e-05]
nt_500000: [0.7962e-07, 0.1991e-07, 0.0885e-07, 0.0498e-07, 0.0319e-07, 0.0221e-07, 0.0163e-07, 0.0124e-07, 0.0098e-07, 0.0080e-07]