---
epsilon_list: [0.1, 0.2 ,0.3, 0.4, 0.5, 0.6, 0.7, 0.8, 0.9, 1]
k_50: [7.8590192e-08, 1.9277491200000012e-08, 8.7745232e-09, 4.869217600000001e-09, 3.1361263999999997e-09, 2.1097791999999995e-09, 1.6383088e-09, 1.2590144e-09, 1.0015024e-09, 8.125984000000003e-10]
k_500: [8.112303129599999e-08, 2.0297233935999995e-08, 9.058219216e-09, 5.109519280000002e-09, 3.252304383999999e-09, 2.2611957439999953e-09, 1.6558856959999998e-09, 1.2743439999999973e-09, 1.0008368800000002e-09, 8.10558976e-10]
k_5000: [8.146643527423999e-08, 2.0343951790559994e-08, 9.053075556960004e-09, 5.071158172640001e-09, 3.2475743558399997e-09, 2.25838007344e-09, 1.6568959217600004e-09, 1.2724746246400003e-09, 1.0021448326400003e-09, 8.142898297600004e-10]
kt_50: [0.7962e-07, 0.1991e-07, 0.0885e-07, 0.0498e-07, 0.0319e-07, 0.0221e-07, 0.0163e-07, 0.0124e-07, 0.0098e-07, 0.0080e-07]
kt_500: [0.8109e-07, 0.2027e-07, 0.0901e-07, 0.0507e-07, 0.0324e-07, 0.0225e-07, 0.0165e-07, 0.0127e-07, 0.0100e-07, 0.0081e-07]
kt_5000: [0.8123e-07, 0.2031e-07, 0.0903e-07, 0.0508e-07, 0.0325e-07, 0.0226e-07, 0.0166e-07, 0.0127e-07, 0.0100e-07, 0.0081e-07]